tree
version=v2
num_class=1
num_tree_per_iteration=1
label_index=0
max_feature_idx=5
objective=binary sigmoid:1
feature_names=follow_count fans_count location mileage car_like date_delta
feature_infos=[0:911] [0:959] 5:4:20:32:13:15:14:16:7:11:9:19:37:51:38:26:12:27:35:3:39:24:48:22:53:57:33:61:68:69:23:72:56:122:77:17:25:62:6:133:84:64:46:29:100:194:192:105:66:98:101:107:28:96:87:81:104:91:164:193:108:75:71:162:21:42:31:97:121:67:82:41:58:59:180:156:149:30:176:88:93:247:137:54:86:240:10:89:34:63:50:49:131:99:118:120:229:43:195:136:171:78:212:217:127:175:125:238:1:141:145:85:8:76:44:55:65:103:183:83:150:167:168:172:179:60:181:114:185:189:191:199:213:227:36:233:268:112:110:102:73:223:218:119:111:135:95:169:170:139:210:209:178:198:109:184:153:147:228:254:18:154:232:79:252:158:262:47:253:246:257:265:113:202:243:278:239:235:216:230:224:142:94:160:166:155:140:70:177:148:146:128:106:126 [100:137840] 18:1:35:42:414:5:17:28:33:130:71:12:236:0:3:45:69:58:61:208:81:25:136:134:390:19:56:110:16:31:2:47:15:53:24:94:190:11:23:59:77:118:57:54:87:72:22:117:50:52:7:143:36:101:93:105:46:131:129:98:137:182:43:125:100:292:106:108:4:75:128:316:152:89:104:14:41:20:124:88:115:111:153:40:51:13:97:123:107:260:32:92:132:48:29:133:170:222:227:85:34:229:160:159:147:80:240:120:119:109:234:270:218:10:192:313:157:261:21:79:82:189:241:194:178:200:235:343:142:223:127:416:370:65:193:121:224:163:112:73:321:126:360:150:148:91:83:350:272:168:345:331:68:171:386:202:197:27:60:304:380:371:225:207:164:273:145:44:216:436:74:358:99:494:205:221:62:361:233:341:196:363:237:206:175:276:76:317:326:312:275:281:388:144:174:384:248:179:246:446:336:184:185:378:231:114:299:298:294:39:306:30:26:329:255:253:249:467:415:395:440:78:351:161:433:165:445:84:177:6:180:381:219:198:203:64:210:425:212:122 [0:4622]
tree_sizes=433

Tree=0
num_leaves=3
num_cat=2
split_feature=4 2
split_gain=0.0588305 0.0082449
threshold=0 1
decision_type=5 5
left_child=-1 -2
right_child=1 -3
leaf_value=-1.892470015257022 -1.892470015257022 -1.8907795811186623
leaf_count=240 124 3733
internal_value=0 0.00561194
internal_count=4097 3857
cat_boundaries=0 10 14
cat_threshold=0 0 536870912 673221648 33554435 1 1073741824 40 16 268435472 536870976 0 9437184 33554950
shrinkage=1



feature importances:
location=1
car_like=1

pandas_categorical:null
